20 20 100
0 1 750750
0 45 231428
0 47 239776
0 50 480546
0 61 884741
0 77 525625
0 81 451532
0 84 926699
0 89 713145
0 99 200273
1 10 291357
1 22 719563
1 52 575144
1 71 16034
1 81 34431
1 92 185765
2 1 542408
2 17 106280
2 21 329959
2 23 826126
2 28 311498
2 50 496316
2 52 358624
2 57 408482
2 71 5378
2 72 471614
2 81 284331
3 2 315277
3 9 584357
3 16 520241
3 34 77515
3 40 416486
3 55 330320
3 57 83190
3 61 838127
3 66 800630
3 67 142938
3 76 678839
3 79 620012
3 82 528669
3 97 3959
3 99 272222
4 11 646481
4 14 330647
4 43 566221
4 46 88975
4 47 943036
4 82 573278
4 92 226146
4 95 79318
4 97 381317
5 5 97408
5 10 813142
5 41 622202
5 49 489997
5 54 102137
5 65 42
5 75 400853
5 78 146466
5 80 821177
5 82 410392
5 85 871228
5 86 503867
5 93 914043
6 0 773540
6 2 833795
6 7 650765
6 23 318068
6 29 490886
6 34 546201
6 36 378178
6 44 842915
6 59 406102
6 65 852142
6 66 998842
6 69 564909
6 76 555897
6 88 975565
6 99 985582
7 5 787111
7 30 644057
7 39 781949
7 42 722042
7 47 347777
7 57 117465
7 69 328501
7 76 391013
8 8 613323
8 14 330568
8 28 977250
8 47 333125
8 51 266033
8 58 785739
8 91 456618
9 5 841921
9 22 921503
9 27 839441
9 35 377264
9 53 934597
9 69 568176
9 78 162286
9 87 809262
9 92 561877
10 15 42039
10 19 946401
10 21 79343
10 37 38332
10 38 876414
10 43 154465
10 44 759876
10 60 392167
10 62 826640
10 71 456613
10 87 367445
10 88 633936
10 94 471943
11 1 235669
11 14 283875
11 20 110056
11 47 910338
11 82 552465
11 87 814225
11 90 882027
11 91 542159
11 98 883275
12 2 797162
12 24 853474
12 36 792216
12 43 283259
12 49 49788
12 53 539314
12 73 259156
12 79 241020
12 88 226142
12 90 131846
12 91 779039
13 4 62701
13 25 667308
13 32 14543
13 39 942710
13 44 736463
13 59 477368
13 61 283999
13 67 709472
13 80 912996
13 84 625610
13 94 605020
14 3 808113
14 25 247105
14 30 922822
14 42 514301
14 43 373809
14 47 814856
14 66 620076
14 67 690672
14 70 77758
14 72 229292
14 76 404211
14 88 50737
14 92 729000
14 96 560979
15 14 482566
15 22 174508
15 24 506686
15 26 133158
15 27 918528
15 38 731065
15 43 52818
15 53 312166
15 64 125804
15 65 631805
15 74 278115
15 95 159365
16 0 858389
16 33 401409
16 38 243127
16 39 200458
16 43 126537
16 56 537439
16 72 982638
16 74 584835
16 80 29918
16 83 2620
16 85 142242
16 92 30553
16 97 495521
17 26 47702
17 47 265749
17 77 44472
17 79 902131
17 92 129567
17 93 51084
18 0 655913
18 17 333592
18 33 872700
18 41 651333
18 46 915581
18 54 743238
18 56 260389
18 61 981660
18 71 885729
18 78 468818
18 90 425799
18 95 878514
19 0 223218
19 1 597895
19 4 957298
19 18 595004
19 20 359031
19 23 836238
19 35 17029
19 49 568476
19 52 306577
19 71 550313
19 72 346678
20 6 800867
20 10 102004
20 25 528762
20 34 837032
20 51 442230
20 54 26223
20 86 521759
21 5 830906
21 11 293367
21 14 729079
21 20 493166
21 48 304493
21 58 410089
21 65 686581
21 66 414155
21 74 920852
21 88 12755
22 12 208233
22 16 747900
22 34 234056
22 75 208776
22 78 209626
22 80 588369
22 95 343347
22 99 76147
23 14 444431
23 65 386890
23 66 548566
23 70 978561
23 80 129861
23 84 650464
23 87 95433
24 1 996951
24 6 985053
24 9 522413
24 10 519926
24 22 920194
24 24 153522
24 28 279160
24 35 906533
24 42 758782
24 45 301184
24 47 379207
25 0 486956
25 26 974790
25 35 292838
25 55 185240
25 64 628505
25 85 511884
26 3 174006
26 5 890753
26 12 94069
26 22 939453
26 32 58235
26 50 534598
26 66 109176
26 80 1835
26 88 256967
27 10 231017
27 11 954446
27 18 406353
27 30 33970
27 37 836639
27 40 838358
27 41 725237
27 53 966571
27 54 598832
27 75 760731
27 82 46375
28 2 942489
28 15 336792
28 17 344341
28 34 739391
28 45 620238
28 68 4458
28 71 708911
28 78 730869
28 85 543835
29 9 827390
29 10 424256
29 24 364191
29 33 755045
29 43 262205
29 50 833880
29 57 841453
29 59 342648
29 66 606728
29 69 136769
29 72 846048
29 78 257792
29 94 706027
30 8 265357
30 22 180892
30 28 761021
30 30 797221
30 52 251390
30 64 334187
30 72 623283
30 79 910335
30 84 543764
31 3 440038
31 14 301567
31 34 747353
31 49 483200
31 51 143864
31 67 614672
31 71 696576
31 76 211457
32 28 957584
32 40 651202
32 43 884422
32 45 987791
32 51 372937
32 55 458000
32 59 952491
32 60 936090
32 71 827013
32 80 679275
32 87 678399
32 91 41654
33 2 298477
33 7 414988
33 8 930902
33 18 97061
33 25 920026
33 31 589836
33 35 921205
33 38 765014
33 40 631537
33 75 766132
33 83 260100
33 84 421978
33 92 362898
34 13 734987
34 16 631747
34 55 54551
34 59 989297
34 64 461543
34 74 323375
34 87 724169
34 88 226108
34 94 470243
35 1 403833
35 5 970977
35 32 787502
35 47 677363
35 52 1156
35 64 504115
35 69 112510
35 83 515920
35 86 558883
35 91 685688
36 1 977304
36 2 907105
36 4 665503
36 7 927495
36 34 395652
36 38 847670
36 62 524326
36 64 328943
37 6 462720
37 11 756754
37 38 363117
37 41 881767
37 70 404123
37 76 955648
37 86 231522
37 91 401079
38 0 182083
38 3 429592
38 5 974558
38 39 700836
38 47 408919
38 49 523196
38 54 482818
38 79 942476
38 80 276328
38 84 74680
38 90 444236
38 96 905204
39 25 2091
39 38 989730
39 43 644866
39 46 448766
39 51 437243
39 60 956040
39 66 273511
39 82 356561
40 14 821681
40 60 767087
40 62 193227
40 69 381882
40 93 179538
41 0 159615
41 1 787490
41 6 787464
41 27 752139
41 34 717932
41 45 273796
41 61 352304
41 81 840266
41 86 614354
41 87 890294
41 89 930113
41 99 569250
42 1 251159
42 2 149284
42 3 678313
42 6 148404
42 8 407459
42 27 802006
42 40 16527
42 42 269899
42 48 950268
42 60 638807
42 65 462060
42 70 760177
42 71 916765
43 37 488364
43 43 212459
43 44 634514
43 54 679938
43 56 317124
43 59 945921
43 60 671223
43 90 156111
43 93 122291
43 94 205892
43 95 622177
44 15 233915
44 27 395454
44 38 56371
44 40 736680
44 58 979472
44 80 208064
44 89 402057
44 90 22688
45 12 720542
45 23 888352
45 34 312993
45 37 958589
45 44 589121
45 60 266151
45 77 448263
45 81 497866
45 89 80824
45 93 60052
46 9 614464
46 49 256804
46 51 76290
46 56 558198
46 63 552117
46 65 713023
46 79 769733
46 81 845681
46 94 681232
46 97 686548
46 98 291125
47 14 677204
47 15 44659
47 18 994809
47 43 161288
47 55 897398
47 57 914722
47 59 960985
47 70 415737
47 79 800996
47 98 104587
48 0 861334
48 7 306556
48 12 161839
48 17 327707
48 22 908875
48 48 849997
48 56 68600
48 58 895500
48 65 824055
48 66 758101
48 81 69002
49 19 289154
49 22 475042
49 32 920925
49 38 773170
49 40 592992
49 43 435887
49 44 210807
49 48 600010
49 49 285444
49 55 294891
49 73 531363
49 74 475399
49 92 174664
49 96 509633
50 2 770037
50 11 37989
50 12 789137
50 34 644427
50 42 112811
50 47 12449
50 56 964988
50 71 431908
50 73 220344
50 77 474570
50 99 29889
51 8 172069
51 17 425197
51 46 108995
51 47 36458
51 69 603778
51 72 421835
51 74 563857
51 78 935791
51 89 645042
51 97 815915
52 1 131489
52 21 540571
52 40 320078
52 47 489741
52 51 626736
52 57 297323
52 58 898317
52 59 164171
53 2 631330
53 42 881499
53 63 671683
53 64 568038
53 82 810384
53 98 435185
54 15 573440
54 24 904318
54 48 52010
54 61 138051
54 71 138247
54 85 192067
54 88 951331
54 92 161115
54 94 44838
54 98 983901
55 11 709928
55 21 14526
55 26 990279
55 42 447137
55 46 366613
55 60 224367
55 70 346388
55 73 826207
56 2 283706
56 7 49719
56 12 693630
56 24 872285
56 48 484334
56 63 703112
56 66 505859
56 78 332390
56 82 814705
57 26 669946
57 38 28921
57 47 435823
57 83 230800
58 23 821722
58 25 538148
58 27 401061
58 32 124767
58 33 760156
58 72 273588
59 3 736444
59 6 169272
59 12 281605
59 14 678466
59 24 314065
59 41 348415
59 45 408523
59 59 485867
59 92 466465
59 95 545020
60 7 211439
60 20 649555
60 27 446307
60 28 304878
60 30 462122
60 32 98350
60 38 366037
60 41 516390
60 43 10159
60 50 351279
60 52 858059
60 62 944172
60 67 565358
60 80 417338
60 85 15375
61 19 290066
61 26 93461
61 35 62226
61 38 37660
61 61 953809
61 81 611698
61 82 901408
61 90 1025
61 99 819717
62 4 307510
62 14 141150
62 41 686829
62 47 705343
62 54 407742
62 64 832951
62 94 888176
62 97 975712
62 98 463193
62 99 741466
63 11 556384
63 12 467337
63 23 688834
63 24 806478
63 33 297516
63 78 482218
63 88 337285
64 0 133682
64 1 351960
64 13 837568
64 15 45004
64 18 762510
64 38 473668
64 44 577264
64 65 707956
64 87 314225
65 1 101316
65 22 167555
65 23 792193
65 34 950885
65 37 873365
65 49 324592
65 72 709279
65 74 950078
65 75 265466
65 81 659252
65 91 903784
65 96 956069
66 8 74280
66 18 640698
66 23 193770
66 29 878828
66 30 531456
66 42 513281
66 60 819434
66 66 980283
66 72 297885
66 88 508744
67 2 640979
67 22 656867
67 25 577974
67 29 292715
67 49 311795
67 52 34037
67 54 759495
67 74 870109
67 77 348162
67 79 663931
68 0 183181
68 10 816131
68 11 946192
68 17 675486
68 19 213802
68 29 803633
68 47 2051
68 59 548800
68 63 216156
68 73 694462
68 75 3907
68 79 622834
69 8 28117
69 21 327966
69 34 644140
69 44 372885
69 50 530920
69 51 375371
69 55 774962
69 87 328654
69 99 594596
70 1 559241
70 2 582771
70 8 841976
70 12 988347
70 32 4959
70 33 186004
70 36 876008
70 38 547386
70 59 459032
70 66 73044
70 68 611908
70 93 705131
71 0 632459
71 9 894979
71 19 463725
71 31 400551
71 43 801496
71 50 864430
71 56 116023
71 65 124389
71 81 596216
72 2 994060
72 5 555598
72 14 532317
72 37 77409
72 47 748586
72 72 796848
72 78 971554
72 81 392052
72 95 216125
72 99 235855
73 0 465211
73 28 802619
73 30 738219
73 37 6621
73 47 164195
73 72 667294
73 87 84904
73 92 765329
74 6 846061
74 8 650917
74 10 956019
74 16 920678
74 17 455794
74 35 754561
74 54 251588
74 61 6119
74 68 670989
74 74 932224
74 82 703699
74 91 598880
75 4 656232
75 8 108119
75 13 337453
75 15 134208
75 27 740560
75 34 53533
75 36 401363
75 46 887568
75 74 648177
75 78 597999
75 93 216353
76 1 373905
76 11 749065
76 18 165683
76 32 849270
76 37 564789
76 41 263854
76 47 147128
76 58 760709
76 90 145711
76 97 519262
77 15 835804
77 31 561003
77 41 22836
77 42 657436
77 69 580128
77 84 733076
77 86 107827
77 88 439097
77 95 126403
78 1 971589
78 7 806646
78 9 521704
78 37 713470
78 61 313099
78 63 116601
78 79 519494
78 98 412204
79 3 60872
79 16 44660
79 19 326329
79 37 432026
79 53 337226
79 88 266124
80 7 729428
80 14 728016
80 15 746924
80 18 613672
80 21 340437
80 24 37773
80 33 546768
80 37 561822
80 48 740206
80 71 411226
80 72 695074
80 73 835093
80 80 760418
80 90 124565
81 1 132191
81 29 697612
81 31 185694
81 52 162534
81 71 36687
81 78 704362
81 79 931445
81 90 157306
81 93 899302
82 21 332175
82 32 775008
82 38 772915
82 41 789563
82 69 160277
82 76 619745
83 61 86767
83 63 496038
83 67 360970
83 73 300243
83 74 936263
83 88 37054
83 90 956873
84 6 314250
84 7 766058
84 17 902357
84 25 356747
84 32 168210
84 40 466138
84 53 431020
84 63 819313
84 73 493467
84 88 740044
84 93 727494
85 3 662081
85 25 45802
85 29 223501
85 31 780105
85 48 622316
85 54 91221
85 57 609232
85 60 893552
85 86 834284
85 87 907828
85 96 760753
85 99 781387
86 3 821276
86 7 177612
86 9 11523
86 16 881452
86 21 481928
86 24 633820
86 33 190892
86 53 398878
86 55 309841
86 61 340114
86 69 249924
86 71 332938
87 16 538760
87 18 287071
87 22 661202
87 27 583043
87 30 643230
87 36 563657
87 42 165672
87 47 312357
87 51 493761
87 64 389322
87 65 936810
87 71 311390
87 77 297240
88 13 350932
88 27 253889
88 29 540799
88 43 365093
88 52 786783
88 63 296670
88 66 671857
88 96 71487
89 1 487367
89 8 757332
89 15 966545
89 44 42969
89 65 591181
89 72 245271
89 75 756667
89 87 783243
89 90 505627
89 94 177936
89 99 746809
90 8 931976
90 12 376944
90 13 192765
90 17 907836
90 23 42769
90 27 75517
90 45 580781
90 51 499303
90 56 375355
90 82 279276
90 83 204267
90 85 390951
90 88 134438
91 3 892639
91 6 826900
91 25 422290
91 36 767805
91 37 917726
91 58 427154
91 60 382432
91 64 308449
91 94 884668
91 97 105564
91 99 623223
92 0 518496
92 25 296325
92 27 565777
92 33 942909
92 47 67818
92 49 180354
92 51 211080
92 56 444818
92 65 466183
92 70 936801
92 72 609666
92 85 91260
92 99 664702
93 10 796075
93 11 534512
93 14 923534
93 20 149860
93 27 594870
93 28 112989
93 31 491275
93 34 278899
93 49 499702
93 50 274151
93 78 250850
93 92 311418
93 95 214935
94 0 744282
94 19 344687
94 47 665620
94 65 565169
94 69 506938
94 70 281792
94 75 379049
94 79 503561
94 87 245716
94 94 216964
95 5 967957
95 16 458983
95 18 826790
95 20 351701
95 37 761826
95 42 144121
95 57 95788
95 58 717556
95 62 881960
95 77 800415
95 84 159974
95 88 316573
95 92 656895
96 0 658928
96 1 193807
96 48 463401
96 68 228552
96 84 990491
96 95 819134
97 16 971611
97 25 502082
97 26 93391
97 31 37886
97 35 871496
97 36 387567
97 60 758411
97 67 470311
97 72 691963
97 95 727353
97 98 322138
98 7 956997
98 8 678290
98 20 907574
98 22 201476
98 27 1175
98 32 453322
98 54 436716
98 57 991190
98 93 747151
99 4 766120
99 11 359912
99 15 870714
99 17 324343
99 22 507893
99 27 971516
99 39 27699
99 47 846111
99 49 318357
99 57 836300
99 74 740550
99 79 423166
99 83 124496
99 86 354921
99 90 235633
99 91 913468
-1 
