20 20 100
0 13 822927
0 19 83188
0 32 981978
0 33 725757
0 38 714862
0 40 868190
0 45 553156
0 54 530841
0 65 406557
0 66 354546
0 67 326927
0 71 648080
0 73 565684
0 77 553702
0 81 17610
0 82 853415
0 83 822137
0 87 670497
0 99 367764
1 5 612872
1 11 636538
1 13 995475
1 15 708949
1 16 336658
1 21 594571
1 26 582360
1 27 313901
1 36 985160
1 38 14079
1 46 871989
1 47 136798
1 53 724685
1 56 728935
1 57 746325
1 62 284113
1 64 449826
1 67 273096
1 69 91683
1 75 324288
1 76 234889
1 78 669445
1 82 792596
1 83 491132
1 86 629509
1 96 499627
1 98 317972
2 0 951566
2 5 484584
2 6 434169
2 10 168418
2 12 202699
2 19 169588
2 24 174051
2 25 941070
2 27 635360
2 28 159329
2 38 702273
2 40 64861
2 52 66310
2 54 352277
2 59 398190
2 66 153924
2 70 544927
2 71 470975
2 75 343402
2 87 675225
2 94 819317
2 99 811889
3 0 330701
3 6 568038
3 7 422515
3 8 766873
3 24 112331
3 27 727803
3 33 510799
3 34 220634
3 35 676148
3 54 349395
3 63 307774
3 72 532727
3 74 489504
3 75 812322
3 81 196161
3 88 228313
3 92 337097
3 93 477613
3 96 879749
4 6 380044
4 7 821421
4 9 241854
4 10 758927
4 15 384758
4 18 258573
4 20 793338
4 24 207519
4 39 469359
4 41 170252
4 54 911858
4 56 531811
4 58 361151
4 71 578351
4 73 445672
4 74 700119
4 75 468300
4 83 974458
4 91 178341
4 95 221071
4 96 577916
4 97 560508
4 98 347369
5 0 821919
5 7 701195
5 24 21789
5 31 974515
5 35 274471
5 37 620459
5 55 129301
5 76 214714
5 77 685906
5 80 788393
5 84 466243
5 85 828633
5 93 152217
5 94 526002
6 10 858349
6 11 185245
6 16 933033
6 19 802911
6 23 914601
6 24 734295
6 27 898480
6 30 422368
6 32 579142
6 43 962270
6 45 838229
6 46 212491
6 47 307893
6 51 223044
6 56 260298
6 59 836516
6 64 274761
6 65 338016
6 66 667495
6 71 673047
6 84 933910
6 93 698662
7 3 625489
7 47 295054
7 51 741544
7 57 355987
7 59 702187
7 60 286916
7 62 52761
7 72 933198
7 74 864564
7 83 818024
7 86 286584
7 91 359008
8 1 111284
8 5 524018
8 14 548076
8 15 391701
8 18 777266
8 21 662944
8 25 783161
8 26 725866
8 33 470036
8 35 324462
8 44 789035
8 48 587676
8 49 252173
8 56 660561
8 58 305384
8 60 241351
8 73 674334
8 83 740328
8 92 240966
8 95 623752
9 1 951206
9 5 488252
9 7 907545
9 12 614563
9 19 287072
9 41 996928
9 42 970293
9 52 91429
9 53 132194
9 59 590278
9 60 461526
9 67 390469
9 70 362894
9 97 168600
10 0 333584
10 2 68497
10 8 250218
10 11 508464
10 13 217280
10 17 814096
10 22 647056
10 27 567228
10 28 728709
10 29 618073
10 41 108073
10 44 407255
10 45 602
10 47 281001
10 52 928117
10 60 56025
10 61 791503
10 64 668963
10 65 283569
10 72 391536
10 81 28546
10 88 195169
10 90 421769
10 91 764653
10 96 489354
10 97 507864
10 99 43967
11 6 443216
11 7 763101
11 9 766882
11 14 335726
11 18 851874
11 21 494022
11 24 143104
11 26 114714
11 27 616322
11 31 756700
11 34 544467
11 42 313982
11 43 586407
11 45 70469
11 50 636893
11 57 361621
11 59 547802
11 77 471101
11 93 607433
11 95 566640
11 96 773763
11 97 658597
12 2 221807
12 13 363948
12 20 303981
12 21 791518
12 24 795789
12 33 915009
12 36 154075
12 37 464336
12 40 602209
12 48 960853
12 59 38098
12 69 457523
12 76 839136
12 92 779439
12 94 247193
12 95 734154
13 0 501704
13 2 319009
13 5 919820
13 6 699908
13 13 880951
13 19 380386
13 24 40611
13 31 922807
13 34 771839
13 40 218655
13 47 399218
13 54 673030
13 64 808931
13 69 429735
13 70 984646
13 82 985742
13 88 414868
13 92 622217
13 96 201592
13 99 656333
14 1 215552
14 7 905528
14 16 300808
14 18 804899
14 19 194484
14 27 459461
14 30 696185
14 31 213447
14 38 651334
14 40 948315
14 42 655951
14 43 346213
14 48 982514
14 49 515657
14 56 518623
14 62 717337
14 64 325802
14 65 427323
14 68 17521
14 70 386490
14 79 531415
14 82 280673
14 83 939364
14 85 379535
14 99 972219
15 1 148895
15 8 146661
15 11 841908
15 12 350534
15 13 643578
15 18 434100
15 22 753187
15 25 957038
15 33 212872
15 37 328900
15 40 202565
15 42 189229
15 44 325259
15 50 519746
15 63 106697
15 66 77793
15 79 418781
15 86 739860
15 88 194703
15 89 177091
15 96 52746
16 1 340546
16 4 656495
16 5 207603
16 9 675468
16 17 181562
16 27 641929
16 33 699460
16 37 786350
16 39 758970
16 44 492990
16 50 197742
16 59 444230
16 61 514041
16 67 142054
16 73 453685
16 75 781727
16 81 285099
16 83 353164
16 86 631455
16 95 374126
16 97 555170
16 98 385379
16 99 42617
17 12 654661
17 14 629224
17 22 656681
17 24 544616
17 30 808962
17 34 131393
17 48 759894
17 57 64270
17 82 187960
17 96 726827
18 5 627242
18 10 202376
18 15 514990
18 16 475559
18 20 827587
18 26 505179
18 35 356803
18 38 859515
18 43 834038
18 45 60822
18 51 108569
18 53 101576
18 54 272693
18 67 70665
18 68 581746
18 70 473958
18 71 243208
18 76 911199
18 77 725522
18 81 37356
18 89 954264
18 95 786900
18 97 310213
19 2 864256
19 3 544835
19 9 79923
19 13 859146
19 15 635929
19 16 634789
19 18 908170
19 19 562877
19 20 131732
19 21 500850
19 22 490853
19 25 292290
19 27 107798
19 32 454868
19 45 979606
19 47 927332
19 53 210016
19 67 8276
19 75 881332
19 78 280429
19 79 61024
19 94 927814
19 95 215554
20 0 1615
20 10 701331
20 11 606257
20 13 400897
20 16 679186
20 19 350454
20 24 50370
20 40 154912
20 44 271485
20 45 560946
20 49 703858
20 50 507396
20 53 245576
20 54 272507
20 65 13762
20 66 87314
20 67 853203
20 82 468349
20 90 399237
20 93 222232
20 99 310250
21 1 338399
21 6 852104
21 10 646521
21 12 930667
21 14 90928
21 15 950245
21 16 139782
21 18 377987
21 20 129852
21 24 849089
21 25 132387
21 36 120118
21 44 265247
21 46 11487
21 51 979111
21 55 995049
21 57 603827
21 73 611923
21 77 567205
21 78 960092
21 91 50315
21 98 483731
22 0 862562
22 1 616261
22 6 703734
22 7 343284
22 12 578820
22 26 639962
22 33 8837
22 37 701449
22 38 543476
22 39 553273
22 56 540011
22 57 615545
22 59 48586
22 61 436643
22 70 847827
22 78 980620
22 79 87990
22 82 336691
23 4 616277
23 10 825703
23 14 872643
23 17 759074
23 19 717629
23 22 671703
23 24 118728
23 27 805730
23 29 717803
23 32 601276
23 39 570353
23 43 626772
23 46 169048
23 47 73034
23 48 886591
23 50 440764
23 55 632536
23 56 772032
23 67 992489
23 72 162909
23 75 519791
23 81 351569
23 82 860603
23 83 488049
23 85 558588
23 92 713031
23 94 11358
23 95 637100
23 99 3229
24 8 484638
24 13 243785
24 15 147568
24 20 849849
24 21 543625
24 23 760714
24 24 421855
24 25 337680
24 27 283560
24 28 981154
24 30 924849
24 42 844394
24 43 333185
24 47 902150
24 48 854626
24 52 469492
24 53 636457
24 55 907151
24 56 591650
24 60 589551
24 67 696786
24 68 85043
24 69 571524
24 71 266944
24 97 452200
24 99 229416
25 10 845619
25 12 396101
25 16 297222
25 17 3732
25 18 310678
25 35 328989
25 39 560409
25 43 782899
25 45 590441
25 48 956734
25 52 437424
25 54 935669
25 55 689493
25 57 180504
25 70 271186
25 73 986140
25 74 938016
25 76 871585
25 81 228031
25 95 21049
25 96 328354
25 97 954939
26 10 816666
26 13 15249
26 16 499287
26 17 227188
26 18 10470
26 19 409820
26 27 581687
26 34 176780
26 41 508720
26 42 52988
26 51 637190
26 54 2844
26 55 132381
26 57 131949
26 62 287764
26 70 931862
26 78 333820
26 81 20234
26 82 643471
26 86 647054
26 89 94212
26 94 882316
26 97 604936
26 98 682640
27 0 63171
27 12 137152
27 17 22072
27 21 228453
27 23 194107
27 27 717352
27 31 133524
27 35 264747
27 37 296513
27 55 224795
27 62 392624
27 63 485023
27 65 373549
27 78 281100
27 86 391174
27 91 39937
27 93 341970
28 4 65111
28 6 534506
28 21 469797
28 27 663604
28 33 688118
28 42 53332
28 44 747264
28 45 767382
28 47 39668
28 50 810610
28 58 180750
28 70 917190
28 71 50845
28 74 983780
28 75 513453
28 78 56297
28 82 675646
28 86 937127
28 87 909905
28 94 179209
28 97 612002
28 99 192324
29 0 542355
29 2 891440
29 3 690474
29 8 317856
29 12 911771
29 14 102682
29 16 373464
29 30 392509
29 31 966092
29 36 294436
29 38 542347
29 39 426818
29 47 389171
29 48 887152
29 58 99420
29 59 487981
29 60 871126
29 71 559355
29 80 656294
29 89 362880
29 98 171611
30 0 132233
30 4 322055
30 11 620413
30 14 253597
30 15 924313
30 17 895580
30 27 387127
30 35 928991
30 39 721924
30 41 93415
30 45 976384
30 48 370551
30 70 609919
30 74 513099
30 75 265787
30 82 2468
30 87 195781
30 88 128778
30 89 311678
31 1 152091
31 5 249989
31 8 57522
31 18 45447
31 24 123845
31 25 544859
31 27 998898
31 28 640807
31 31 955090
31 40 846997
31 43 647358
31 46 468058
31 51 593811
31 57 566137
31 58 908758
31 59 2144
31 75 861820
31 76 158358
31 78 352452
31 84 315643
31 86 648797
31 92 580823
31 94 700854
31 98 396000
32 4 421462
32 7 578451
32 11 9057
32 17 834017
32 18 324486
32 19 681438
32 21 710413
32 24 155737
32 28 538529
32 31 356433
32 32 737817
32 36 371064
32 39 290836
32 51 7543
32 52 674935
32 53 965865
32 62 156507
32 68 51396
32 71 314535
32 72 813408
32 73 695238
32 79 268086
32 81 694996
32 88 274397
32 91 851614
32 93 173151
32 94 491863
32 98 458928
32 99 161539
33 0 264541
33 1 39028
33 2 954461
33 11 468668
33 13 480247
33 17 790458
33 19 147206
33 29 13563
33 43 943720
33 45 454490
33 47 513239
33 50 672149
33 51 915558
33 67 35690
33 69 486719
33 74 646130
33 75 290892
33 80 144704
33 87 867274
33 93 538901
33 99 862378
34 4 856837
34 10 993183
34 14 84912
34 19 634581
34 22 282581
34 24 712611
34 26 520320
34 27 533339
34 34 382961
34 41 580720
34 58 222081
34 64 636317
34 70 512264
34 71 243240
34 72 42571
34 78 791403
34 79 243650
34 82 867783
34 89 670298
34 90 13122
34 95 884671
35 2 610713
35 3 200307
35 4 861596
35 8 522417
35 9 441828
35 10 476678
35 17 794636
35 24 954199
35 34 36944
35 43 79094
35 47 532955
35 52 193631
35 57 495255
35 66 169779
35 67 31671
35 71 914863
35 77 373697
35 78 105040
35 81 481833
35 87 174222
35 89 916499
35 92 893344
35 94 325319
36 1 747985
36 5 151855
36 13 802695
36 15 652438
36 18 771692
36 22 656533
36 29 540049
36 31 968223
36 39 983609
36 42 579952
36 43 820239
36 44 776119
36 47 852438
36 50 211578
36 63 39554
36 64 938826
36 65 823414
36 73 988347
36 78 955396
36 86 357022
36 90 607975
36 94 598076
36 96 66715
37 2 413236
37 18 499697
37 27 743788
37 30 809737
37 31 558800
37 33 962858
37 35 189600
37 38 893524
37 47 827247
37 50 619965
37 54 545720
37 57 955215
37 58 988957
37 60 542271
37 64 886520
37 66 375494
37 68 110192
37 73 866908
37 83 970675
37 84 404699
37 99 39512
38 0 536695
38 8 37989
38 12 418249
38 19 669082
38 22 834128
38 28 378742
38 35 507481
38 38 274346
38 42 887048
38 45 97159
38 46 531764
38 51 529012
38 56 662994
38 58 966726
38 60 767638
38 62 543644
38 65 913190
38 67 278108
38 69 402141
38 82 801724
38 90 243869
38 94 716566
38 97 629998
38 98 789681
38 99 692027
39 20 709874
39 34 485664
39 38 9697
39 42 936235
39 58 160623
39 60 737765
39 62 644172
39 67 557898
39 70 264838
39 73 550248
39 89 897378
40 9 70928
40 20 371559
40 21 233297
40 22 764984
40 28 925957
40 29 661024
40 31 974612
40 36 424668
40 41 664626
40 52 556227
40 53 884734
40 58 530436
40 62 595345
40 63 506791
40 66 741537
40 78 83555
40 80 479142
40 83 164750
40 84 946416
40 85 115447
40 87 889845
40 88 209737
40 92 398549
40 96 458025
40 97 557060
41 0 576525
41 2 950294
41 9 785264
41 13 917832
41 14 272803
41 25 605493
41 33 224298
41 37 563598
41 48 350046
41 65 466982
41 67 893668
41 70 739319
41 74 289874
41 75 446978
41 83 784163
41 89 222553
42 7 786134
42 10 485920
42 11 117963
42 12 31333
42 14 453209
42 16 934088
42 21 203822
42 22 142945
42 31 357103
42 33 109146
42 42 615033
42 46 556838
42 58 363742
42 60 204849
42 74 460388
42 80 453153
42 83 168827
42 89 659336
42 90 358951
42 92 875157
42 97 27921
43 0 443620
43 9 767460
43 10 167235
43 14 2210
43 17 715436
43 41 657254
43 43 637787
43 45 579325
43 49 961053
43 55 486270
43 68 789072
43 75 176917
43 85 629076
43 89 423395
44 6 469863
44 9 842524
44 31 707884
44 34 38174
44 37 363919
44 39 634765
44 46 685130
44 47 159130
44 53 634232
44 56 98046
44 64 836227
44 82 455488
44 88 662644
44 89 16613
44 94 34820
45 3 419149
45 7 785122
45 9 69694
45 14 711473
45 19 465165
45 24 952847
45 26 534944
45 32 285993
45 34 980402
45 35 143012
45 39 833282
45 46 701696
45 52 518673
45 57 440750
45 69 215434
45 70 818055
45 78 730142
45 82 615822
45 88 508399
45 96 324122
45 99 65828
46 0 835446
46 11 724335
46 12 412194
46 21 176736
46 26 689627
46 31 462025
46 34 207318
46 35 51742
46 45 659362
46 53 662453
46 60 515211
46 81 890910
46 83 144458
46 94 217602
46 95 6127
46 98 432874
47 7 201891
47 12 302418
47 17 910873
47 19 408490
47 26 491121
47 30 375151
47 36 749882
47 49 462652
47 55 114756
47 58 142496
47 59 595571
47 66 963142
47 70 970813
47 71 874422
47 74 265610
47 77 692872
47 83 917936
47 89 445359
47 98 915615
48 4 750295
48 10 478503
48 13 925260
48 15 873759
48 17 567724
48 27 225061
48 37 708917
48 38 534691
48 39 540980
48 43 407803
48 48 37021
48 52 366563
48 64 855742
48 72 587196
48 73 702552
48 76 937656
48 77 329074
48 84 420687
49 1 812680
49 3 269540
49 8 512637
49 9 390126
49 15 682855
49 17 178099
49 21 519974
49 22 141657
49 28 503124
49 42 66938
49 52 842777
49 56 51644
49 58 943172
49 64 988595
49 66 766208
49 69 480441
49 71 931327
49 76 934916
49 77 951002
49 79 872156
49 85 594015
49 87 537453
49 88 110941
49 93 313547
49 99 256679
50 3 612927
50 8 894930
50 12 579545
50 21 728536
50 27 159855
50 28 637294
50 42 796809
50 43 751906
50 46 347308
50 49 864997
50 53 196763
50 57 431204
50 60 26492
50 63 896632
50 67 19079
50 70 176968
50 74 629254
50 76 604658
50 77 491864
50 81 338996
50 84 312400
50 92 872970
51 5 562720
51 22 769944
51 34 535060
51 39 371903
51 47 988529
51 49 94470
51 53 499018
51 57 724617
51 64 137929
51 66 981520
51 68 26176
51 74 757218
51 80 489396
51 83 468950
51 91 315323
52 7 513541
52 8 968153
52 18 237769
52 20 389763
52 22 702886
52 26 446194
52 32 226792
52 36 847069
52 38 359492
52 40 18124
52 43 63464
52 51 138632
52 55 288978
52 63 394558
52 75 56691
52 82 606582
52 86 796331
52 92 145492
52 93 529466
52 98 627149
53 1 105932
53 11 990692
53 13 774796
53 14 431281
53 22 332715
53 29 120688
53 31 579766
53 40 996891
53 47 994041
53 48 711216
53 55 999977
53 57 545112
53 60 45574
53 65 742602
53 67 466260
53 71 731834
53 79 525317
53 81 688575
53 84 155537
53 85 102065
53 87 352765
53 94 338281
54 2 175291
54 6 453940
54 11 404201
54 14 190903
54 21 916135
54 23 940978
54 29 109854
54 43 890192
54 45 155973
54 49 167171
54 53 982413
54 60 698652
54 61 863001
54 74 32583
54 82 74585
54 84 706376
54 92 792622
54 95 805371
54 96 298366
54 97 364319
54 99 624095
55 1 160474
55 11 61273
55 27 986377
55 31 435183
55 32 314533
55 36 281171
55 40 828301
55 43 604475
55 50 560288
55 53 100678
55 56 669163
55 59 995924
55 65 32996
55 67 573635
55 68 740098
55 74 847039
55 76 188828
55 79 762657
55 80 587869
55 82 708946
55 83 15006
55 87 872471
55 93 223365
55 94 596037
56 1 799981
56 2 58339
56 6 355022
56 7 12534
56 9 769768
56 13 753703
56 14 103415
56 15 536521
56 19 234883
56 20 665811
56 33 68296
56 35 522360
56 39 299060
56 41 100712
56 44 951644
56 47 636730
56 49 10045
56 62 685834
56 69 640648
56 74 899331
56 85 950246
56 90 413475
56 95 321801
56 97 803612
56 98 482921
57 1 311734
57 18 391393
57 23 66649
57 24 256865
57 25 201348
57 26 594672
57 27 999526
57 29 858497
57 31 288988
57 32 482384
57 33 112872
57 36 3311
57 38 746602
57 42 853130
57 48 842230
57 49 79939
57 50 408227
57 54 21857
57 56 451407
57 58 706925
57 65 728050
57 74 180006
57 80 142667
57 81 767170
57 84 432621
57 87 628342
57 90 289849
57 91 226917
57 95 324331
57 96 238816
57 97 352949
57 98 202499
58 13 98846
58 18 537923
58 20 320416
58 21 608497
58 27 254384
58 28 248903
58 32 805971
58 34 166528
58 38 168484
58 40 813631
58 41 109746
58 45 77286
58 46 246625
58 48 323685
58 59 200110
58 60 811365
58 61 296594
58 67 755121
58 72 955541
58 80 438696
58 84 364838
58 87 115694
58 94 757840
58 96 294129
58 98 102641
59 9 986830
59 21 882327
59 30 790294
59 31 77825
59 34 628086
59 37 297898
59 41 283060
59 53 270246
59 68 814977
59 73 797455
59 79 572442
59 85 240635
59 93 977257
59 94 378715
60 14 982644
60 15 959813
60 24 442131
60 26 751308
60 39 119329
60 44 800120
60 58 854525
60 60 689116
60 62 53679
60 70 776892
60 81 458777
60 83 157872
60 84 58670
60 86 208464
60 92 898840
60 94 767603
61 5 717415
61 6 317495
61 10 649310
61 12 303356
61 16 583166
61 17 336793
61 21 606428
61 24 65782
61 26 794182
61 28 117532
61 31 633982
61 32 514166
61 40 116249
61 45 516341
61 47 7835
61 49 967320
61 53 880305
61 55 657561
61 61 694507
61 62 660857
61 65 196888
61 67 394265
61 69 698171
61 71 716613
61 74 33072
61 86 431130
61 91 54786
62 3 685766
62 13 622657
62 18 179332
62 21 278503
62 44 720258
62 54 148482
62 55 478288
62 61 814719
62 69 975825
62 70 822804
62 73 75418
62 80 951461
62 85 457197
62 87 703930
63 6 972647
63 19 589591
63 29 145798
63 40 702809
63 43 103451
63 47 149578
63 48 717083
63 53 313184
63 62 29095
63 67 366875
63 69 115733
63 91 606369
63 94 134550
63 95 962122
63 98 857510
63 99 404046
64 0 215748
64 13 184487
64 14 507987
64 19 651740
64 22 692061
64 31 360124
64 44 273747
64 71 569821
64 74 756907
64 75 661636
64 81 680211
64 83 216604
64 86 584950
64 87 763103
64 92 692145
64 93 228974
64 94 235064
64 96 304488
65 0 443519
65 14 223798
65 15 932366
65 22 194817
65 43 144086
65 44 429453
65 45 946692
65 46 79513
65 48 326583
65 51 810896
65 55 764058
65 70 482835
65 82 955808
65 94 474494
65 96 252962
65 97 996812
65 98 887029
66 2 272238
66 10 307491
66 12 66244
66 17 471990
66 19 406243
66 21 719502
66 25 587092
66 31 714820
66 48 269313
66 55 672912
66 56 146113
66 63 209675
66 66 869430
66 69 920370
66 70 773740
66 73 415595
66 75 114252
66 92 931510
67 3 603788
67 4 693226
67 11 444196
67 13 667258
67 20 629411
67 23 341232
67 31 134337
67 39 749507
67 43 764506
67 46 156365
67 47 720525
67 53 931806
67 55 346597
67 59 788317
67 60 29214
67 61 359846
67 62 471549
67 65 477411
67 71 758993
67 82 878107
67 83 451679
67 88 123513
67 90 136858
67 91 693084
67 97 394461
68 0 169784
68 1 431147
68 2 399993
68 4 894060
68 7 105481
68 8 754144
68 12 349395
68 14 323485
68 20 401453
68 25 101250
68 27 591871
68 36 804451
68 44 165165
68 63 882084
68 66 850401
68 69 506534
68 70 145934
68 74 97021
68 75 349030
68 93 97088
69 10 401066
69 12 836263
69 16 969486
69 17 812523
69 33 628810
69 37 355847
69 40 365043
69 47 459149
69 48 503509
69 56 541802
69 61 685846
69 62 506777
69 64 248457
69 70 173447
69 89 826782
69 93 293450
69 99 947807
70 2 897082
70 7 957195
70 9 974862
70 17 923123
70 20 608387
70 41 96961
70 43 734219
70 46 246047
70 47 380761
70 51 772327
70 52 546749
70 53 258025
70 56 861668
70 59 945950
70 62 326638
70 66 199072
70 67 572519
70 70 839680
70 77 55273
70 81 406036
70 82 34269
70 84 440619
70 90 734013
70 95 60318
70 96 891155
71 1 44926
71 4 350826
71 9 409261
71 11 360214
71 14 427104
71 16 258865
71 17 659580
71 62 314824
71 63 213539
71 67 241480
71 72 307571
71 73 154712
71 75 146903
71 87 179757
71 88 618615
71 94 278492
71 95 356458
71 96 478646
71 99 112726
72 7 266935
72 11 852261
72 17 72070
72 18 756510
72 24 421001
72 37 901880
72 40 776877
72 48 865962
72 53 68522
72 54 184269
72 57 574578
72 67 908979
72 68 715739
72 69 20097
72 80 119383
72 82 675867
72 88 838362
72 91 39293
72 92 705327
72 97 231074
73 2 573243
73 7 602318
73 10 492248
73 17 640865
73 20 16975
73 30 873599
73 35 500654
73 41 212047
73 51 608290
73 57 756461
73 58 804675
73 59 651235
73 73 339951
73 86 328431
73 94 604530
73 96 675815
73 98 473954
74 0 790937
74 5 600740
74 13 308228
74 22 619272
74 26 334906
74 28 416908
74 39 426993
74 50 8491
74 55 523546
74 57 333240
74 58 72906
74 65 890547
74 71 709022
74 75 99862
74 82 672999
74 91 999639
74 92 511542
74 93 256860
75 1 918495
75 10 318470
75 14 614458
75 22 230498
75 26 682658
75 29 802394
75 33 975
75 38 232263
75 39 61169
75 41 167895
75 43 60556
75 51 98427
75 64 484751
75 65 985498
75 71 26169
75 78 298174
75 86 686682
75 95 886623
76 3 703739
76 4 713297
76 13 204647
76 17 257341
76 20 973802
76 30 602485
76 33 384579
76 35 407752
76 38 729695
76 42 607779
76 47 67602
76 49 298815
76 54 263711
76 64 993087
76 65 456583
76 73 202574
76 79 877329
76 81 449771
76 82 643943
76 92 249826
76 93 229336
76 94 859578
77 5 995238
77 10 982058
77 15 804582
77 19 707267
77 21 305058
77 23 485881
77 24 676202
77 27 324335
77 37 777632
77 43 330896
77 45 272939
77 49 652254
77 51 313857
77 57 746579
77 58 758129
77 62 987071
77 66 441150
77 69 228569
77 74 33916
77 78 747461
77 80 533736
77 84 84118
77 88 327863
77 90 515633
77 91 612511
77 92 720226
77 96 417153
78 5 784852
78 7 240061
78 14 45142
78 21 240045
78 25 779040
78 27 282942
78 32 647232
78 36 180741
78 40 136756
78 42 763776
78 53 319613
78 56 863294
78 62 322205
78 70 61346
78 75 854545
78 76 270089
78 80 842109
78 84 21999
78 86 984854
78 90 557681
78 99 656135
79 3 91535
79 22 64263
79 29 156772
79 40 711342
79 42 649564
79 43 831587
79 44 828943
79 45 654894
79 47 793492
79 52 769574
79 55 793461
79 56 551987
79 67 577164
79 72 775337
79 73 926250
79 77 767658
79 78 851892
79 79 750643
79 81 161518
79 83 111352
79 87 60050
79 88 747195
79 97 340875
79 99 890014
80 1 857863
80 5 905447
80 6 292686
80 21 235844
80 23 104013
80 24 826129
80 26 352163
80 29 430883
80 32 86101
80 37 742502
80 42 398035
80 46 319285
80 56 648527
80 67 687468
80 76 333014
80 79 488936
80 81 621763
80 92 442002
81 5 178709
81 16 994807
81 20 1013
81 22 765680
81 24 749853
81 40 444636
81 46 600228
81 56 594967
81 57 974644
81 59 607567
81 64 880610
81 68 438956
81 72 923374
81 73 285074
81 76 42898
81 82 3697
81 84 332132
81 91 223030
81 93 249968
81 94 434378
82 2 660245
82 10 883915
82 11 777844
82 21 464397
82 26 550028
82 34 539280
82 44 47312
82 47 88813
82 61 497614
82 64 451222
82 69 609436
82 74 900005
82 76 92116
82 80 251205
82 83 389913
82 84 219412
82 93 501309
82 94 505225
83 12 679669
83 16 530275
83 19 350087
83 21 784293
83 24 601178
83 32 445413
83 39 609774
83 40 215568
83 54 896086
83 68 96189
83 70 422395
83 75 564108
83 77 99275
83 81 896379
83 84 233184
83 87 621619
83 92 401536
83 95 890739
83 97 539003
84 7 710062
84 8 922823
84 10 320911
84 15 706871
84 18 901279
84 19 655736
84 26 178077
84 30 635444
84 37 480307
84 38 965170
84 51 582434
84 53 311130
84 55 848459
84 56 862496
84 60 409743
84 71 497827
84 88 785012
84 93 468899
85 9 446060
85 11 823356
85 19 930402
85 23 748220
85 26 907816
85 29 280157
85 36 406249
85 44 274607
85 48 870302
85 50 47238
85 53 340285
85 60 316240
85 67 295122
85 71 569
85 74 221740
85 79 846297
85 81 347504
86 1 858742
86 16 709386
86 18 839227
86 30 207586
86 31 183268
86 38 266046
86 44 708179
86 67 596017
86 70 984060
86 71 52498
86 76 25082
86 77 816758
86 80 309064
86 84 357949
86 86 588657
86 90 800707
86 91 599157
86 92 266122
86 96 155413
86 97 745001
86 98 311809
87 8 240380
87 10 665839
87 13 619148
87 16 246788
87 17 714491
87 37 447834
87 47 841906
87 55 613384
87 61 201257
87 73 732556
87 80 640077
87 86 191057
87 87 966464
87 96 883464
87 98 400617
88 1 39212
88 6 354142
88 13 495860
88 15 183058
88 23 130409
88 31 168172
88 35 36835
88 45 460992
88 56 922126
88 59 85380
88 63 64014
88 67 621544
88 73 885996
88 81 964558
88 89 190751
88 98 35084
89 2 244161
89 3 652692
89 8 393346
89 10 718013
89 25 515822
89 31 582217
89 36 309636
89 37 292581
89 39 164115
89 40 444952
89 45 286810
89 49 226486
89 51 268140
89 59 289681
89 60 99981
89 64 705421
89 65 353881
89 72 496311
89 76 593960
89 78 812785
89 81 635015
89 88 86406
89 94 573516
89 95 585962
90 10 100059
90 12 897912
90 17 596198
90 20 904107
90 30 71975
90 33 835230
90 34 156073
90 44 69183
90 45 390521
90 51 496695
90 60 169159
90 62 361592
90 63 678910
90 64 514082
90 65 485254
90 70 272178
90 75 371915
90 78 388183
90 80 464658
90 87 573759
90 93 505633
90 96 662666
91 1 772499
91 7 457995
91 9 966851
91 12 113517
91 13 469560
91 23 59693
91 25 100498
91 30 362881
91 35 986389
91 49 394238
91 52 463520
91 54 196677
91 55 591069
91 57 120293
91 59 225583
91 70 501105
91 74 221996
91 81 785265
91 85 25323
91 87 343212
91 88 128974
91 90 477315
91 91 310491
91 95 411819
91 98 725881
92 2 662966
92 13 430171
92 19 4236
92 25 754716
92 26 866565
92 32 49714
92 33 887539
92 35 46554
92 36 751093
92 37 258638
92 42 571573
92 45 434137
92 53 178521
92 56 574121
92 69 89711
92 84 849967
92 98 300895
93 7 747241
93 11 687195
93 20 437282
93 21 712671
93 23 426041
93 32 37209
93 39 784597
93 46 577923
93 52 831214
93 53 547924
93 54 957972
93 55 721383
93 62 865485
93 65 319286
93 69 919811
93 72 198469
93 76 382975
93 82 940598
93 84 657593
93 94 772103
93 95 668766
94 4 734177
94 12 762186
94 19 15642
94 21 975984
94 30 991690
94 33 24427
94 35 495927
94 48 616534
94 51 110713
94 54 113308
94 62 905064
94 64 869002
94 72 897037
94 77 941728
94 81 29202
94 85 537448
94 98 560601
95 2 292591
95 11 367630
95 12 984788
95 15 312045
95 22 481601
95 25 113818
95 30 220956
95 31 63986
95 32 146286
95 33 553791
95 45 447247
95 51 446691
95 63 119629
95 80 561732
95 87 281624
95 93 242496
95 94 136435
96 2 129580
96 6 30858
96 19 186748
96 21 223346
96 30 652767
96 32 218865
96 35 431943
96 50 763109
96 51 195096
96 59 637044
96 61 287250
96 70 103152
96 72 611928
96 80 510480
96 85 869158
96 93 287459
96 97 584815
97 4 117387
97 7 705042
97 13 144638
97 15 148480
97 16 647350
97 19 271304
97 26 945612
97 27 574065
97 31 80502
97 44 657001
97 50 87092
97 53 138043
97 56 135410
97 57 814631
97 62 566040
97 67 422687
97 75 473308
97 77 692571
97 84 393177
97 89 898959
97 90 704211
97 92 149467
98 4 564121
98 8 664280
98 9 256647
98 11 452764
98 13 161217
98 14 360509
98 18 183166
98 23 560778
98 25 349076
98 28 939485
98 35 396691
98 36 513456
98 38 165099
98 42 23408
98 46 391893
98 51 82700
98 55 183181
98 59 755135
98 67 161950
98 74 452662
98 76 778944
98 80 809816
98 89 873587
98 99 525486
99 2 843400
99 3 956510
99 7 649661
99 9 537199
99 12 758643
99 16 427322
99 17 682350
99 18 384155
99 22 357932
99 25 383451
99 30 605171
99 41 562564
99 44 320335
99 47 626474
99 53 954975
99 61 720015
99 74 921036
99 80 826253
99 83 631595
99 99 70889
-1
