Crema de champinones,0.355664,191.59999999999999,0,0,0,0,0,0,1,0,1,0,0,1,34.608,43.694,127.619,187.271,9.6956,1.58817,23.951,734.982,3.39078,12.9872,20.569,56.836,0.156861,0.735133,0.15566,0.07175,6.70775,0.200785,6.5774,0.55282,5.15607,9,
,Ensalada campera,0.285112,131.30000000000001,0,0,0,0,1,1,0,0,0,0,1,1,29.4889,33.1996,157.173,65.392,11.7621,1.34385,18.8429,306.639,6.84685,3.10504,44.6425,90.6004,0.0842809,0.139084,0.183713,1.1425,9.60347,3.59802,5.38725,10.4585,1.42128,9,
,Ensalada Cesar,0.486471,132.13,1,0,0,0,1,1,1,1,1,0,1,1,35.4879,140.006,317.579,142.986,27.6698,1.43736,20.2559,209.791,7.55208,8.00818,371.412,68.8019,0.0770069,0.17652,0.0948854,0.638998,11.0253,0.615,3.37856,6.88964,0.98441,9,
,Ensalada de garbanzos,0.412087,210.59999999999999,0,0,1,0,0,0,0,0,0,0,1,1,291.936,237.193,757.679,597.857,29.4861,11.2503,195.601,1309.35,32.6092,0.167695,362.154,61.1,0.714987,0.229566,0.257501,0.0038987,10.0682,0,7.40051,3.1187,1.64185,5,
,Ensalada de judias blancas,0.338291,110.29000000000001,0,0,1,0,0,0,0,0,0,0,0,0,383.67,113.507,280.928,422.099,6.18017,6.17741,138.484,1330.01,20.8806,12.6803,15.3441,69.565,0.498585,0.116683,0.408874,0,1.2397,0,3.04109,0.553191,1.79119,5,
,Ensalada de pasta con atun,0.845428,339.5,0,0,0,0,1,1,0,1,0,0,1,1,52.5142,60.1829,457.282,86.705,26.9911,2.38641,48.8605,411.887,20.5734,2.97602,29.438,145.697,0.188707,0.264121,0.563993,2.88513,112.254,14.5374,6.45186,25.2197,1.30648,9,
,Ensalada de pollo con mayonesa,0.261405,113,0,0,0,0,0,1,0,0,0,1,1,1,16.1905,30.6624,157.008,81.3377,12.0723,1.04429,14.2338,290.872,7.36716,3.3346,39.022,28.9155,0.0580425,0.0926052,0.189646,0.2275,4.64919,0.15925,4.25485,6.0825,1.26429,9,
,Fabada asturiana,1.42004,316.10000000000002,0,0,1,0,0,1,0,1,1,1,1,1,506.721,187.495,1088.41,888.752,60.0078,19.916,205.06,2068.15,59.9244,39.1946,1725.66,93.836,1.19487,0.404356,0.928264,1.03077,6.44337,0.304174,3.72525,17.4676,4.45055,1,5,
,Garbanzos con verduras,0.483016,295.19999999999999,0,0,1,0,0,0,0,0,0,0,0,0,163.014,121.814,246.492,213.405,2.4353,3.84709,72.6536,922.746,11.5522,3.09222,75.399,923.033,0.407081,0.195275,0.533562,0,34.0262,0,7.53363,15.0428,2.632,5,9,
,Guisantes con jamon serrano,0.530377,157.30000000000001,0,0,1,0,0,0,0,0,0,1,1,1,58.631,51.0359,164.389,144.058,8.90989,2.26424,29.705,264.806,11.2832,3.0763,315.461,232.629,0.457367,0.149157,0.21408,0.0857714,18.8562,0.0857714,0.900855,5.2412,1.16342,5,
,Judias blancas con almejas,0.82002,277.19999999999999,0,0,1,1,0,0,0,0,0,0,1,1,396.451,220.358,479.657,586.387,22.8667,35.6808,202.228,1775.55,33.9113,42.0974,84.3912,242.123,0.555552,0.313151,0.648176,0,5.3016,0,5.37869,195.677,3.44779,6,
,Judias blancas estofadas,0.9458,273.30000000000001,1,0,1,0,0,1,0,1,1,1,1,1,746.456,236.241,701.611,922.752,23.3455,13.159,276.817,2716.73,49.8909,31.9431,368.758,221.237,1.0926,0.310106,0.915326,0.2871,2.4111,0,6.5572,7.11387,3.95354,5,
,Judias verdes con jamon serrano,0.405714,151.80000000000001,0,0,1,0,0,0,1,0,1,1,1,1,73.658,53.7546,234.784,77.444,10.05,1.4842,31.9264,341.189,7.59584,3.8316,398.606,107.477,0.23364,0.150251,0.330611,0.111208,23.615,1.39317,0.56406,7.2078,0.629598,5,
,Lentejas,0.257217,234,1,0,1,0,0,0,0,1,0,0,0,0,50.2199,95.0032,508.122,308.905,10.6475,9.63629,97.1898,1150.2,27.0171,1.66007,58.6127,323.086,0.597349,0.290719,0.983964,0,6.56979,0,12.4426,4.86595,6.74196,5,9,
,Pure de papa,0.105737,92.200000000000003,1,0,0,0,0,0,1,1,1,0,0,1,7.28189,14.9494,82.971,44.4725,2.4627,0.581891,12.9622,329.518,2.20652,1.26931,25.2943,21.8898,0.0645806,0.036274,0.15583,0.0182656,0.730882,0.469311,9.01832,1.38595,2.62298,9,
,Pure de verduras,0.336309,227.80000000000001,0,0,0,0,0,0,1,0,1,0,1,1,50.195,149.061,113.278,100.077,4.84791,2.32842,52.8432,652.132,4.42116,2.12839,642.388,797.557,0.15885,0.185076,0.252168,0.117423,23.6525,0.6344,3.98276,30.8103,1.32704,9,
,Sopa de arroz,0.35405,161,1,0,0,0,0,0,0,0,0,0,1,1,35.416,64.34,572.418,185.388,2.4674,1.17216,32.454,247.852,13.3068,13.42,6440.05,0,0.11802,0.141832,0.429266,0.0803732,0.268,0,0.426559,2.684,0.322,2,
,Sopa de cocido,0.32721,161,0,0,0,0,0,1,0,1,0,0,1,1,17.97,64.34,222.156,111.578,3.26227,1.03796,31.112,131.098,10.2202,2.54926,6434.68,5.368,0.0909116,0.12868,0.08048,0.200885,0.268,0.938863,0.0911932,3.89167,0.456066,7,
,Sopa de pescado,1.2322,372.30000000000001,0,0,0,1,1,0,0,0,1,0,1,1,85.4375,124.892,410.619,565.519,20.1424,14.7018,79.6715,924.634,32.954,94.016,329.136,548.23,0.20105,0.328703,0.573813,4.946,17.681,0,4.30467,108.021,2.23495,8,