Albondigas,0.486663,133,1,1,0,0,0,1,1,1,1,1,1,1,19.301,31.8351,336.089,185.174,19.4021,3.2055,25.1883,247.886,22.3259,5.04823,234.264,29.8444,0.0784544,0.262383,0.264012,1.4866,1.73049,0.238656,1.26128,10.0443,3.0421,1,
,Arroz a la cubana,0.276693,196.59999999999999,1,0,0,0,0,1,0,0,1,1,1,1,54.66,41.658,374.517,160.738,16.7411,1.76209,50.4,470.526,9.6535,9.526,74.415,116.26,0.123881,0.323081,0.689642,1.2775,10.65,0.89425,1.03498,12.918,0.96605,3,
,Arroz tres delicias,0.552102,245.59999999999999,1,0,1,1,0,1,0,0,0,1,1,1,53.7186,67.734,767.347,291.597,16.5315,2.59848,44.304,367.851,20.8099,22.4033,324.399,341.887,0.274727,0.225439,0.530178,1.08622,8.70297,0.52185,2.45706,55.593,1.55482,2,
,Bacalao con papas,0.471522,337.10000000000002,1,0,0,0,1,0,0,1,0,0,1,1,29.7593,42.0516,391.627,463.91,6.97061,3.53079,58.3048,1275.81,13.7744,14.0511,2937.55,29.834,0.266231,0.258135,0.784212,1.8,0.5357,1.8,36.1856,22.3357,10.4779,9,
,Bonito con tomate,2.49338,213.28,1,0,0,0,1,0,0,1,1,0,1,1,32.3668,23.2946,361.691,224.721,21.3987,2.38071,40.2835,498.336,33.7763,72.2197,59.2532,109.879,0.269177,0.11885,0.502029,3.243,13.9721,3.7835,3.55584,2.80326,0.964415,8,
,Canelones con bechamel,0.429054,195.90000000000001,1,0,0,0,0,1,1,1,1,1,1,1,26.0835,127.416,258.891,176.67,15.2083,1.99668,27.3594,353.368,15.642,4.70221,258.267,108.708,0.145241,0.263697,0.25473,0.799175,11.9659,0.963109,1.22279,10.1639,1.89598,1,
,Empanadillas de atun,0.188358,40.600000000000001,1,0,0,0,1,0,1,1,1,0,1,1,3.8292,14.0596,167.596,9.286,15.8427,0.279758,6.21443,14.696,4.66575,0.277177,18.603,31.6671,0.02237,0.03202,0.0803326,0.891944,0.0811768,4.71936,2.55618,6.7028,0.236335,8,
,Escalope de cerdo,0.710074,161.59999999999999,1,0,0,0,0,1,0,1,0,1,1,1,12.227,22.568,493.597,236.51,35.873,1.70817,29.01,381.27,35.0895,26.0914,175.17,16.292,0.654335,0.411821,0.465718,1.1835,0,0.14525,2.32714,6.33469,3.11915,1,
,Espaguetis a la carbonara,0.686856,267.10000000000002,0,0,0,0,0,1,1,1,1,1,1,1,10.974,218.467,636.672,259.988,49.1913,0.902556,33.135,254.05,19.8972,9.65994,750.73,147.261,0.387302,0.5002,0.356297,0.645309,0.1805,1.53038,3.39707,6.24028,3.23461,7,
,Espaguetis con tomate,0.418989,256.69999999999999,0,0,0,0,0,1,1,1,1,0,0,1,23.7122,112.495,388.261,156.06,20.6169,1.12973,30.5524,245.341,11.2103,5.63655,326.937,105.544,0.104671,0.0894746,0.220324,0.155022,11.7663,2.78742,1.29817,6.05272,0.643846,7,
,Fideua de marisco,2.90779,583.20000000000005,0,0,0,1,1,1,0,1,0,0,1,1,81.1904,316.969,687.667,1146.77,18.3317,17.0461,170.014,1289.04,69.3689,150.573,1513.13,129.42,0.233957,0.406141,0.593498,9.15939,10.646,0.764663,6.49102,297.037,4.43379,6,
,Filete de cerdo a la plancha,0.643695,140.69999999999999,0,0,0,0,0,0,0,0,0,1,1,1,5.276,15.828,390.659,224.23,27.6133,1.4509,26.38,382.51,35.613,26.38,79.14,0.264,0.68588,0.395568,0.474708,1.0552,0,0,1.1879,3.957,3.16547,1,
,Filete de pollo a la plancha,0.25056,51.200000000000003,0,0,0,0,0,0,0,0,0,1,1,1,2.592,6.384,98.464,81.4032,6.1728,0.475152,7.56,101.371,10.6555,3.12,25.343,0.096,0.02352,0.03888,0.204192,0,1.7664,0,0.504,3.312,0.384,1,
,Filete de pollo empanado,0.560334,120.90000000000001,1,0,0,0,0,1,0,1,0,1,1,1,13.3228,22.0206,283.694,171.095,16.8117,1.39767,20.053,213.932,20.6221,7.22016,192.68,15.442,0.0663818,0.108269,0.380864,0.1625,3.83216,0.11375,1.62093,8.50358,0.872134,1,
,Hamburguesa casera,0.479226,152.09999999999999,1,0,0,0,0,1,0,1,1,1,1,1,24.5992,98.6321,373.787,197.094,21.8141,3.71832,32.6818,326.77,22.7644,12.7567,362.321,30.9243,0.177655,0.260347,0.27259,1.64216,6.80273,0.0407864,1.76211,12.8491,3.64854,1,
,Huevos rellenos,0.331098,119,0,0,0,0,1,1,0,0,0,0,1,1,45.628,51.8998,172.56,163.36,12.261,1.80109,17.3158,167.3,14.2706,8.69795,189.4,170.216,0.106346,0.384546,0.194382,2.825,4.2,5.85812,2.12783,21.892,1.247,0,
,Huevos revueltos con jamon y queso,0.590836,116.5,0,0,0,0,0,1,1,1,1,1,1,1,26.3207,187.919,316.55,302.601,14.7152,1.81422,21.4736,200.627,16.3933,11.5904,476.851,156.347,0.225619,0.362799,0.15402,1.74349,6.75587,1.61049,0.80093,14.9869,1.98276,0,
,Lasana de carne con besamel,0.623459,140.90000000000001,1,0,0,0,0,1,1,1,1,1,1,1,11.8487,208.37,270.812,259.543,17.7891,2.13747,27.7872,264.373,19.7336,5.03269,186.633,81.577,0.0660814,0.23923,0.196796,1.25352,4.65626,0.476298,0.90793,7.70946,2.62703,1,
,Macarrones con tomate,0.418989,256.69999999999999,0,0,0,0,0,1,1,1,1,0,0,1,23.7122,112.495,388.261,156.06,20.6169,1.12973,30.5524,245.341,11.2103,5.63655,326.937,105.544,0.104671,0.0894746,0.220324,0.155022,11.7663,2.78742,1.29817,6.05272,0.643846,7,
,Merluza rebozada,0.513622,144.80000000000001,1,0,0,0,1,1,0,1,0,0,1,1,21.604,43.572,254.685,182.602,18.4851,1.50674,29.514,336.854,14.7422,38.7964,120.559,23.7325,0.114271,0.155032,0.20028,1.427,2.142,0.2135,2.39961,31.0765,0.60228,8,
,Muslos de pollo empanados,0.227398,88.5,1,0,0,0,0,1,0,1,0,1,1,1,11.366,16.555,276.874,111.636,19.1265,1.39227,17.157,161.783,16.6632,5.80364,106.552,109.956,0.0667188,0.181109,0.236502,0.373546,0.042,0.36355,1.55946,6.74159,0.789212,1,
,Paella valenciana,1.45043,287.77999999999997,1,0,1,1,1,0,0,0,0,1,1,1,56.2158,104.957,564.355,378.875,16.9372,11.2522,75.7276,613.439,39.0743,58.7386,292.424,83.2376,0.133512,0.295832,0.699388,3.54771,41.7737,4.888,3.14261,78.0923,2.38113,1,
,Papas a la marinera,0.63359,421,1,0,0,1,0,0,0,1,0,0,1,1,44.4666,90.7084,407.754,249.22,18.3275,21.8701,89.5261,1420.93,16.0238,23.8162,66.9862,95.986,0.278861,0.479204,0.744945,0,51.3093,0,32.592,133.203,9.87304,9,
,Pescadilla en salsa verde,0.7535,141.80000000000001,0,0,0,0,0,0,0,0,0,0,1,1,22.1562,64.8358,106.431,255.819,4.62189,1.21258,41.1498,374.958,15.7454,20.0477,133.721,5.489,0.123777,0.094843,0.141028,1.29177,3.15182,0,0.929537,13.7171,1.31527,8,
,Pizza de atun,0.230193,96.680000000000007,1,0,0,0,1,1,1,1,1,1,1,1,18.74,71.1769,232.978,94.405,12.9856,0.855174,15.7801,129.801,8.496,4.35595,49.496,47.5866,0.0693725,0.126158,0.171049,0.957478,2.53187,3.58533,1.62066,11.2597,0.619126,8,
,Pizza hawaiana,0.296185,138.09999999999999,1,0,0,0,0,1,1,1,1,1,1,1,22.5432,114.61,287.176,140.305,14.4746,0.893667,17.993,215.53,7.84739,5.93934,157.027,51.815,0.126815,0.13274,0.208585,0.19828,11.2302,0.14072,1.19758,6.7672,0.647341,1,
,Pizza romana,0.274077,123.48,1,0,0,0,1,1,1,1,1,1,1,1,24.292,130.38,253.142,135.526,15.2677,0.91005,18.5352,209.605,7.6303,8.01407,221.525,57.9318,0.0716623,0.129867,0.198114,0.282175,8.66611,0.573977,1.42167,6.3738,0.498303,8,
,Pollo asado con papas asadas,1.74178,301.5,0,0,0,0,0,0,0,0,1,1,1,1,23.3561,33.6586,531.414,516.152,18.5101,3.53806,66.9719,921.888,81.6081,59.8224,297.037,17.29,0.20782,0.434438,1.16846,0.741953,0.116,0.494,5.58641,14.8781,3.67537,1,
,Pulpo a la vinagreta,0.849702,208.30000000000001,0,0,0,1,1,0,0,0,0,0,1,1,26.994,213.946,207.58,255.339,9.27759,1.92578,44.3586,419.136,26.2818,64.4358,522.865,126.317,0.123042,0.132787,0.643733,4.299,51.7174,0,4.20041,93.1859,2.51871,6,
,Rape estofado,1.18843,277,0,0,0,0,1,0,0,0,0,0,1,1,15.1346,19.9496,295.179,712.351,17.3986,0.81448,46.2632,619.102,34.3302,78.6733,88.72,1.177,0.064989,0.130504,0.43474,1.9395,0.12,0,3.76764,0.0094,1.08956,8,
,Raviolis con tomate,0.152981,137.59999999999999,0,0,0,0,0,1,0,1,0,0,0,1,13.5047,16.9222,190.327,54.853,10.7003,0.55434,14.6479,168.773,4.13156,1.99118,149.277,25.928,0.0617268,0.0278354,0.1004,0.0622314,8.8832,0.601733,1.19235,4.19304,0.348211,7,
,Tallarines con verduras,0.25326,140.69999999999999,0,0,1,0,0,1,0,1,0,0,0,1,86.028,65.9815,226.527,173.396,11.5171,2.36235,62.2028,235.237,6.19212,4.46193,12.73,187.064,0.171406,0.174823,0.192424,0.060166,18.023,0.468732,1.9403,6.01653,1.15298,7,
,Tortilla de papas,0.243463,175.69999999999999,0,0,0,0,0,1,0,0,0,0,0,1,28.2833,30.7105,232.036,130.818,13.8179,1.51589,23.9184,562.486,7.37058,5.58453,58.0853,66.791,0.131361,0.203468,0.28508,0.875,0.6693,0.6125,16.3342,7.92395,4.72572,9,
,Zarzuela de pescado,1.01253,286.30000000000001,0,0,0,1,1,0,0,0,1,0,1,1,38.1026,117.138,330.272,446.393,11.906,8.51776,82.2349,660.803,30.9043,87.6706,446.898,48.323,0.12139,0.307695,0.518352,6.52169,9.1462,0,3.77733,113.004,3.36682,6,