13656 
11841 
12381 
13557 
11409 
12825 
13641 
13242 
13293 
13482 
13251 
12831 
11739 
13401 
12897 
13572 
9618 
12231 
12867 
12594 
13287 
11517 
12687 
13521 
13641 
11301 
13131 
13020 
11601 
13191 
13518 
13374 
12114 
12858 
10176 
13602 
13263 
12987 
12771 
11754 
12729 
12957 
12330 
13470 
13641 
13251 
11784 
9951 
13572 
13317 
13560 
13401 
13377 
12918 
11631 
12804 
13428 
12135 
13203 
13284 
10950 
11790 
12753 
12435 
13185 
13452 
11223 
12159 
11940 
13278 
12192 
13164 
11700 
13185 
13656 
13125 
13458 
12993 
13623 
13578 
11946 
12720 
13491 
13362 
12687 
12978 
12852 
12603 
13572 
13365 
13056 
13212 
13221 
12840 
11256 
12084 
13233 
13038 
10641 
13320 
10701 
12237 
13614 
13035 
11604 
13023 
13611 
13293 
9894 
13437 
12663 
12981 
11502 
10122 
13428 
12954 
13134 
11034 
13344 
12489 
12321 
13479 
11670 
13419 
13104 
13137 
12240 
13590 
12918 
13257 
13344 
13182 
13635 
13557 
12789 
11565 
11925 
12390 
12525 
12546 
12198 
13431 
11997 
11910 
13065 
13572 
12948 
12618 
12429 
12804 
13449 
12531 
13335 
12789 
12747 
13293 
10359 
11166 
12213 
13023 
13572 
12924 
10551 
13221 
12732 
12276 
13134 
13293 
13542 
12498 
13227 
13218 
13413 
12618 
13449 
13491 
12738 
13329 
13188 
11439 
12633 
12822 
12384 
13623 
13329 
13278 
12921 
11283 
13068 
13437 
12984 
12936 
10959 
11703 
13296 
13593 
13581 
13113 
11841 
12810 
13059 
13626 
11559 
13530 
12312 
13128 
13521 
13278 
13443 
13260 
12951 
12930 
13623 
13272 
11121 
12852 
12876 
11232 
12615 
12786 
13608 
9744 
11067 
13308 
13275 
13455 
13233 
11358 
13449 
12222 
13185 
13518 
13101 
12009 
13296 
13188 
12384 
12612 
11457 
12093 
13302 
11460 
12810 
12669 
13065 
12927 
13314 
12483 
13257 
13449 
13230 
13572 
12990 
11322 
13602 
12864 
12585 
11976 
13110 
13596 
10032 
11841 
11322 
13275 
12570 
13338 
12837 
12195 
13500 
12723 
13506 
13212 
12837 
12624 
13104 
12756 
10737 
12717 
12234 
13425 
12573 
13500 
10368 
12765 
13299 
13344 
13152 
12957 
12984 
13149 
13500 
13212 
11118 
12951 
12792 
13344 
13386 
12978 
11685 
12705 
10077 
13152 
12798 
13617 
13233 
10755 
12360 
13227 
12192 
13503 
11190 
13110 
12552 
13107 
13137 
10725 
13470 
9390 
13074 
12489 
13296 
12840 
12960 
13098 
12372 
13647 
13203 
11466 
13482 
12276 
11499 
11397 
13515 
13596 
13299 
12822 
11205 
12438 
12615 
13362 
13359 
10059 
13434 
13152 
11037 
11397 
13365 
13485 
13032 
12861 
10812 
12384 
12732 
12987 
12567 
13359 
12303 
10299 
12981 
11841 
13251 
10569 
13650 
12711 
12777 
11679 
13167 
13032 
13353 
13275 
13047 
11526 
13362 
13098 
12429 
10347 
13530 
13359 
13542 
12471 
13434 
13578 
12756 
13278 
11265 
12264 
12894 
13536 
11259 
12960 
12528 
13242 
13146 
12237 
13236 
12648 
12843 
10971 
13377 
12450 
12840 
9675 
13314 
12954 
12951 
13551 
12753 
13002 
12921 
13086 
13608 
13632 
11529 
13353 
12570 
11781 
13500 
10713 
11388 
13074 
12879 
11742 
13545 
11370 
13491 
13173 
13401 
13329 
13347 
13170 
13374 
11973 
11052 
12363 
12936 
13299 
12723 
13185 
12381 
8049 
13224 
10269 
13065 
13416 
11316 
11601 
13218 
11925 
13644 
12753 
12993 
13392 
13551 
13581 
12585 
12663 
12402 
13470 
12921 
12567 
12849 
12618 
13272 
13356 
10929 
11676 
13422 
13380 
12477 
12606 
12987 
12213 
13215 
12900 
13269 
11649 
12951 
11694 
13227 
11535 
13431 
12951 
13608 
12015 
13563 
12813 
11523 
10230 
13566 
12519 
11955 
13143 
12609 
13527 
12897 
13014 
13629 
12543 
13497 
12927 
